income,loan,default
,6103.64226,0
48430.32,5722.581981,0
,2971.00331,1
40654.89254,4755.82528,0
23,1409.230371,0
64131.41537,4351.028971,0
59436.84712,9254.244538,0
61050.34608,5893.264659,0
27267.99546,4759.787581,0
63061.96017,1850.369377,0
50501.72669,3977.287432,0
43548.65471,3935.544453,0
43378.17519,3277.737553,0
20542.36507,3157.44229,0
58887.35755,4965.516066,0
23000.784,1148.118057,0
32197.6207,4244.057136,0
23329.31941,222.6222987,0
27845.80089,4959.921226,0
65301.98403,5465.267886,0
47451.63012,5361.282716,0
63287.03891,9595.286289,0
45727.45987,6376.822949,0
59417.80541,2082.625938,0
58842.89131,10871.18679,0
48528.8528,6155.78467,0
23526.30256,2862.010139,0
67252.90061,4221.303157,0
58886.85129,7271.552032,0
57584.97379,1728.423755,0
26289.97231,341.146966,0
25952.38147,2109.200772,0
32464.09188,4326.705073,0
60921.0631,968.8363827,0
26578.53669,3489.843136,1
66260.12156,7035.589107,0
58787.45524,4167.786724,0
62545.70871,4362.905812,0
24381.95345,4227.018986,1
67852.10587,5730.588251,0
41725.61286,1185.2147,0
41896.9716,4892.209734,0
44379.72965,1814.335082,0
28416.89938,1788.973736,0
68427.16311,1658.070233,0
35975.79493,6610.366179,0
57596.3541,3344.384401,0
29681.88309,1745.871674,0
51656.93867,7158.13906,0
24912.84268,267.6962986,0
47761.82407,5549.799128,0
22248.1792,4364.975281,1
29724.47688,3075.345728,0
52143.82367,2393.099679,0
56577.72286,5947.421721,0
37660.77072,2129.597165,0
37403.7954,2044.047045,0
31652.69373,5151.070445,0
32727.70073,1087.919364,0
69078.60481,4076.583914,0
40622.19487,4949.902333,0
37521.01717,8.012076247,0
30735.8085,5946.822297,1
24857.69488,2692.163459,0
33180.20159,4621.997742,0
66628.26009,5992.885092,0
38564.93213,5604.16999,1
33704.5085,5898.000893,1
57018.48483,3507.252166,0
40526.90279,2119.984911,0
50827.98052,1765.983337,0
40775.8116,1922.610022,0
55467.15141,9226.902041,0
38789.02939,7650.65521,0
58074.84013,7388.02444,0
57814.10634,7252.120004,0
45190.72918,7893.559889,0
36801.90718,5406.344926,0
68811.77942,4211.302611,0
30483.29553,4514.00978,1
44930.39417,7708.315625,1
43671.45655,8066.697865,1
27612.9148,1513.6242,0
53607.32693,2378.766173,0
33036.68312,958.9798221,0
64275.83489,7520.032053,0
30673.8375,383.1075694,0
58793.61431,4391.981054,0
21053.49062,754.6018821,0
42095.4222,1183.704568,0
50360.67879,4217.166823,0
41970.72448,1622.317392,0
51663.41018,4147.888585,0
53601.81244,9601.375482,1
43439.98873,6879.306007,1
51461.05317,7292.264177,0
41285.17231,2313.825005,0
62895.74977,2001.281514,0
57296.16082,10601.08278,1
60844.09249,12072.25576,0
47634.54955,141.7038179,0
23998.32369,3928.303909,1
63391.61597,190.8892748,0
21534.55122,228.335387,0
28255.65251,2109.242798,0
36496.13393,165.5060901,0
41631.6663,106.0907472,0
68762.41666,2796.752303,0
30075.26492,2628.577923,0
41302.67418,1379.913124,0
39703.75943,2403.478216,0
63161.09204,804.0924415,0
63062.1421,56.16616439,0
34507.52791,1793.750255,0
27954.70777,1627.041405,0
37369.38206,3783.601151,0
43912.06274,7757.136789,1
22766.7745,1429.401762,0
21603.3057,178.333871,0
61952.90669,3635.600589,0
36116.36509,1494.984568,0
26157.77727,2295.811656,0
26458.3832,552.3981664,0
69156.30377,7364.735578,0
39441.44476,1034.758838,0
60119.06581,1810.96046,0
55613.48546,4255.252137,0
37049.38624,6056.817214,1
23122.06493,4263.493031,0
48790.13243,5519.09604,0
59132.68516,4575.527635,0
55305.57483,8176.707165,0
26037.46364,3293.250879,1
64899.80503,4654.249217,0
27089.12432,5029.488782,1
45341.47464,6525.218423,1
24865.79807,4439.116154,0
28239.54321,4189.832568,1
52730.0805,5706.325323,0
28982.05815,2898.761824,0
36221.26601,5094.670084,1
33551.12437,4333.360862,0
43891.35597,5792.906333,0
45148.88572,6455.391772,0
58481.01216,5380.560596,0
69579.92921,10868.24147,0
52743.30857,2684.700671,0
65635.66153,12701.60348,0
34559.90704,3317.529874,0
60218.53153,3157.961082,0
51689.54854,9881.976006,0
47541.61434,1611.216597,0
62905.79302,11423.9363,1
65632.60458,12498.04045,0
31847.85372,2913.769931,0
27947.44028,5514.117421,0
62246.72725,406.7207693,0
40154.68857,6013.152874,0
58627.55488,1215.65256,0
33441.05107,5282.72856,1
55603.7868,1411.13008,0
31046.37897,4907.674084,1
44708.09987,2390.850597,0
23340.2707,2707.760939,0
24830.18197,2046.68505,0
31422.74739,1686.835902,0
60477.23385,10711.7009,0
26039.02149,2056.752382,0
36186.84807,1130.735265,0
39772.11873,5492.893689,0
34730.16407,818.5084419,0
23118.48331,1746.936559,0
50072.84763,8088.568019,1
67465.06239,1802.616994,0
38625.63201,5836.563381,1
45227.48283,5521.507405,1
64901.89773,9589.833525,0
40543.91354,6507.850191,0
27793.26672,382.2489041,0
61167.77482,10396.61815,1
64619.66462,9704.782409,1
37593.75787,7274.325628,0
35032.6496,135.9316845,0
58364.46498,5809.899,0
56945.81041,6388.369826,0
27204.84855,3827.893915,1
21648.26103,3558.527262,0
31077.85689,4452.330679,0
42522.92241,6790.850263,0
31769.24772,1148.221436,0
35556.77991,6361.973438,1
52908.82424,9841.080553,0
35045.13141,2382.466772,0
44488.16448,2751.088843,0
41679.93712,395.0007751,0
54619.9472,10780.27188,0
38053.62313,6110.572792,1
64718.66178,1485.079935,0
43159.08497,4350.019897,0
29445.5105,1758.881865,0
25817.38988,4115.484719,0
66356.85674,10725.48473,0
56676.158,2278.554349,0
61000.04277,2160.784908,0
58906.25169,9290.575345,0
49589.15372,2627.405488,0
40141.60354,845.3663713,0
31659.72821,858.511388,0
62658.22163,3343.367161,0
39264.4835,5255.788283,0
46643.12648,6440.861434,0
30515.37212,415.240435,0
65077.32203,11061.81189,0
60871.869,4844.172224,0
25011.1039,3834.042782,0
68407.18551,597.9440655,0
43727.43934,1170.556334,0
45788.7471,5894.041317,0
65705.01082,1969.794134,0
32434.70251,2738.440496,0
58121.66858,7531.101249,1
62498.50725,3312.877622,0
26090.72588,4255.626392,0
64780.93854,8402.415586,1
65588.40342,7879.738136,1
65743.70367,7724.571414,0
37164.52158,1445.802189,0
65176.52978,2365.28749,0
34615.54217,6476.760852,1
59079.46505,10326.08977,0
56267.17164,7329.243164,1
34862.82129,6040.772062,0
60521.3641,8035.883173,0
42276.78291,8055.305084,0
38451.17771,3441.261416,0
45985.10865,7382.056426,0
51000.42244,778.7326956,0
31523.10777,5174.570569,0
28648.67675,1870.925253,0
27514.42796,3400.910744,1
27441.00038,1455.047602,0
67709.24159,5136.819308,0
38600.70719,2749.080191,0
30950.29541,5043.148637,1
27083.82287,3286.212882,0
21512.74527,2453.376121,0
34796.00356,443.6665381,0
27089.39284,1851.311563,0
25259.40163,4341.008082,0
47007.31358,4069.402646,0
20358.66502,1064.686918,0
67900.22653,7902.742965,0
54418.47099,5630.741221,0
51288.55469,6536.966363,1
28199.60163,3871.688902,0
22199.61514,1498.390919,0
50514.46963,2003.65357,0
34414.24034,617.5387522,0
37633.08743,868.1624733,0
55235.50407,4910.547658,0
45587.55184,8366.614268,0
52757.79494,2321.206314,0
41174.80813,2888.44471,0
25685.5352,490.7429211,0
28145.303,4805.971549,0
52094.21837,495.0211992,0
33552.38598,6054.244126,1
37400.93377,1693.137378,0
21605.72509,2828.308618,1
57562.89174,8508.835399,0
62288.53961,10657.10612,1
22767.2642,1205.786013,0
20943.04333,4098.11579,1
20622.8601,3518.452629,1
48436.66463,5851.409789,0
27574.63418,1017.39616,0
62889.36214,6525.151793,0
37683.20049,7414.552853,0
54974.4555,8922.199717,0
56326.08667,4816.776074,0
65670.88344,3950.870172,0
50730.73339,1879.059662,0
64184.91579,1854.239613,0
66179.32411,3646.93786,0
24969.5268,3595.501942,0
54925.51827,554.4883448,0
67879.24802,10433.47435,0
67787.52676,9607.498847,0
31657.6193,1448.071984,0
36559.13503,3030.267241,0
57787.56566,6339.850844,0
42521.72601,2661.612516,0
51935.18063,5649.452468,0
45677.87613,2966.246125,0
51363.59581,761.4224042,0
27218.56103,4145.003587,0
43677.62922,6739.858598,1
21533.59551,1971.55422,0
28010.19093,3971.155479,0
51589.28275,56.99097407,0
50480.95269,8831.184365,1
43957.35058,5416.357798,1
61878.34655,567.6687734,0
60153.33697,6472.347007,0
33388.58334,4551.876889,0
41310.40178,4481.162213,0
25576.95393,1922.656626,0
51455.09845,9447.117157,0
48134.15693,2075.596112,0
51348.5273,1507.891341,0
20532.82373,1897.780821,0
33297.21402,3674.74134,0
55858.54924,5630.444972,0
43777.51848,3601.299685,0
27789.51906,186.8280739,0
36132.42388,99.4495914,0
20145.9886,839.8390632,0
63108.70739,5757.848995,0
26581.61453,5090.392774,0
62040.88963,7643.631046,0
69958.70554,8755.691977,1
38082.51952,4213.465259,0
45183.05418,5953.453524,1
36242.44796,5688.994849,0
44527.2589,4588.472286,0
40496.25582,4834.603798,0
24698.66931,2427.650788,0
60560.30553,1994.621134,0
48018.21146,6120.090021,0
30216.25196,2116.53731,0
61742.23995,8068.319704,0
47288.42667,4004.988852,0
24658.89932,590.5980812,0
64644.3481,9848.171449,0
57517.72414,4536.857209,0
52945.54779,6262.007945,0
36366.99041,371.040895,0
62113.72957,11928.50986,1
62279.5195,6801.405893,0
61799.08496,5619.217604,0
50139.74001,7758.799823,1
69566.68435,9875.037183,0
44897.48837,5732.399032,0
22572.30276,724.1931885,0
37123.07964,5659.509278,1
68744.78865,5207.883117,0
21081.19418,2395.16535,0
58828.29212,5947.645468,0
46706.45886,7084.263509,1
32312.85338,228.3308036,0
60778.76502,10021.04922,0
30948.04155,3995.807295,0
60122.01157,7189.350735,0
43321.68112,743.867141,0
47904.34124,6183.514146,0
58597.38325,2588.490266,0
66091.90591,8743.509701,1
47316.70138,1940.674044,0
40872.63977,5312.491706,0
35154.49348,4037.719604,0
32222.81881,934.4771331,0
40447.67296,1072.192659,0
48463.20455,8120.25809,0
42843.09913,839.869024,0
50310.42244,8361.7191,0
57565.19996,5353.561654,0
55066.18297,9332.702666,0
46065.94821,4947.308728,0
38309.58566,3545.723971,0
54472.14476,10836.38309,0
58695.0944,1826.516302,0
54748.91231,5438.093693,0
46328.17192,7879.676208,0
49633.32747,7915.313443,0
66339.78388,2350.891508,0
62650.71966,6425.365364,0
27646.78005,3132.148692,0
21437.61575,2563.960873,0
50648.19844,7110.755833,0
29670.67184,2928.984088,0
20258.53866,2767.8373,1
34475.21797,3162.133837,0
28926.43246,750.067107,0
20660.66895,1756.037625,0
24987.93409,3946.898246,0
29672.56081,607.9094842,0
23241.59989,457.1966172,0
24217.22876,2104.384323,0
65574.09334,3031.246326,0
55994.45879,680.6196961,0
67369.33212,2299.418172,0
23305.77149,4521.004312,1
35195.46635,2836.988178,0
27135.07262,1387.248801,0
24037.16514,2469.364426,0
51625.31323,4592.24555,0
50705.76626,1096.967075,0
58079.1569,11540.04581,1
62192.46707,1863.891003,0
62553.66841,4641.704785,0
68147.95732,12307.56232,1
27619.66141,2774.832781,0
65330.19284,4030.803692,0
26680.14584,1671.184924,0
46104.59891,2342.472921,0
44904.59764,4953.773599,0
52934.59443,3248.627718,0
43509.75776,7363.037639,1
22118.35733,3928.121846,0
56275.41002,2224.88416,0
48630.97953,5862.833029,1
64272.7,4929.878818,0
24349.00295,3890.47105,0
34332.31526,1225.720223,0
64940.24109,8196.930726,0
30595.74801,3495.069881,0
53422.21625,7441.759617,1
69995.68558,2084.370861,0
48270.79624,6232.280399,0
27028.15559,331.3643087,0
23519.86609,2368.381231,0
37302.0834,2366.17424,0
55601.27185,10533.45516,1
62678.64545,333.4413981,0
41602.43398,7005.079292,1
27533.00133,1551.420288,0
30594.17656,118.3421421,0
47846.9459,3713.262688,0
55273.275,10282.99745,1
23086.25541,1256.40116,0
29621.27488,5575.253691,1
47533.92095,6637.770871,0
62519.18418,2324.547705,0
50878.95904,3257.012629,0
58580.95951,4317.715478,0
69445.64945,10643.40418,1
60929.17235,11146.07446,0
35496.6655,168.0547853,0
33572.4235,3369.377023,0
55306.91435,5272.535014,0
34141.92764,3371.66431,0
40453.89095,890.9395353,0
69088.77742,11246.48815,0
30885.6922,5216.354091,0
58683.22632,271.7344685,0
60675.81216,11617.74891,0
68460.68003,949.9566247,0
63653.83991,8866.527185,1
42522.57576,5036.25528,0
54140.42913,7896.223766,1
47548.36262,6153.936564,0
24114.01226,3900.829601,0
20686.23909,3052.576691,1
21412.30861,2639.710126,1
69391.1466,2550.265147,0
32319.26222,2733.420559,0
52862.94714,9754.152239,0
48383.27615,2763.263955,0
36430.5384,5855.185594,0
44268.89401,6043.143106,1
63806.32925,114.4999674,0
46195.77717,927.0675939,0
23743.16077,3254.74895,0
22089.83748,2584.022038,0
54707.28851,10255.19011,0
23203.64719,749.1453684,0
25342.25068,871.5300911,0
31645.63282,5193.838197,1
32306.8084,3603.364078,0
61262.81632,5564.163603,0
26388.7273,1191.332138,0
53009.42543,3589.253506,0
58163.54068,2237.927764,0
38665.03393,6152.004833,0
25289.04722,3701.537602,0
66049.93403,13172.6813,1
56282.98253,8215.558384,0
35778.61523,5544.654684,1
29174.24031,665.5770001,0
55934.43256,5643.179899,0
32256.86152,2809.322185,0
68052.80692,1415.718263,0
26957.05387,4172.988238,0
48685.04202,9698.582169,1
38288.07108,1723.399373,0
42468.02083,1902.26561,0
55377.77303,6882.873416,0
54231.70279,10156.14231,1
53283.25871,4065.218795,0
52534.78548,3810.131842,0
47847.51563,8494.016431,1
59998.25327,4659.535976,0
58684.51301,5415.817417,0
49114.78793,6388.85036,0
57179.40201,2991.967351,0
69395.11648,11047.68434,1
43963.73801,4481.436861,0
66326.47247,5602.160022,0
35886.72684,843.749092,0
35578.23411,3640.848886,0
48689.00043,3859.471823,0
56510.83536,9255.439649,0
50275.89996,5541.821255,0
56665.49409,11159.79317,0
42912.09054,4550.122853,0
22169.72922,947.1996384,0
35919.80732,1227.109484,0
61987.68527,2618.243037,0
30044.68352,1428.439625,0
61528.27242,10897.90548,0
31196.49177,987.2615366,0
66003.95999,11207.49523,1
56960.67384,4856.483454,0
41315.10789,1378.909057,0
64913.34384,9781.326722,1
32804.90449,4961.25568,0
25789.2098,2410.277414,0
31908.35431,1857.461578,0
56050.30258,6870.83901,1
66505.77569,6571.197021,0
57504.07174,8107.267645,0
44619.11149,2474.977159,0
21158.93529,3562.308296,0
22765.19092,540.6177247,0
25052.82026,3367.701923,0
61006.1073,5850.770691,0
62321.24247,10649.07205,0
49604.54421,7045.919202,0
48433.37349,789.6333613,0
57590.28328,7676.310663,1
62691.70137,8244.7489,1
51121.65687,6471.628202,0
22516.54035,4267.451902,0
60857.23505,10486.74435,0
62908.35748,3213.898146,0
49665.63384,2713.885075,0
65322.80107,2739.71999,0
20598.92656,3872.402468,0
55476.65698,4733.50583,0
26218.49485,3343.816358,1
40794.87023,6519.43706,0
53719.65111,1670.737893,0
20715.53563,369.5277394,0
57163.8524,577.5307824,0
33751.20531,6494.184336,1
44832.56472,1256.253538,0
51035.63346,2889.880195,0
53493.48601,5030.8288,0
58205.68,10035.60302,0
47439.94076,7896.356942,1
47586.22771,3343.056276,0
26100.85126,960.1372514,0
45326.40367,5142.110837,0
24391.75623,2198.144889,0
53741.37102,6513.150125,0
40053.72227,44.5272461,0
53033.86413,10427.4705,0
25176.50201,3064.718488,0
31210.84702,3853.088042,0
23532.2763,1077.8404,0
63776.77079,6697.971583,0
52278.765,4269.136035,0
56015.81322,2275.763425,0
56110.93994,9351.006131,0
57856.80823,8824.164747,1
30187.09186,4462.823258,1
30786.87193,3563.319789,0
22279.29977,3141.338536,0
42476.26553,8334.182008,0
58147.79986,3951.189747,0
36266.21187,3206.927665,0
39045.49716,1165.492158,0
64467.80368,521.5757014,0
36594.80667,3492.334022,0
58797.76286,8892.963303,0
66653.27093,5180.71186,0
48271.49838,6077.680287,1
30991.43192,4589.267265,1
45446.51834,8474.982464,1
37142.73889,161.2375511,0
58320.80889,10033.49168,1
24825.54068,3650.196352,0
20511.42944,931.7900744,0
48326.32089,7168.707002,0
55441.35879,10768.74784,0
60496.90792,1115.154587,0
25296.15423,1320.462443,0
50414.32032,2468.171999,0
67984.04038,1642.969471,0
50382.39977,9183.842295,0
49413.29854,2554.044352,0
61464.82064,5099.08746,0
53784.04957,2761.85138,0
35993.28793,901.9277107,0
63402.00468,7530.767633,0
40484.97132,1093.679203,0
26168.01227,3040.98135,0
60044.28152,6823.434443,0
23984.55095,4622.275198,0
40359.70119,1783.697326,0
33583.89108,1251.867366,0
68038.79202,10108.79585,0
45652.05927,5408.212129,0
34399.20978,6019.834423,1
57628.43892,5021.639683,0
24294.67689,4360.053009,1
52218.88251,9792.091531,0
50061.76774,6145.131817,0
49352.27422,3362.774486,0
21087.35554,3353.693571,0
23812.25268,2716.655819,0
49395.16649,5927.574676,0
33338.94399,2929.851424,0
29668.32072,2042.436463,0
45936.5972,8525.231909,0
55948.06772,8569.220573,0
53239.50071,4606.156805,0
43694.03444,5049.635509,0
24078.0725,3276.139948,0
50258.55302,1086.246165,0
41816.65683,4534.575973,0
36892.71622,6463.647751,0
23886.56761,4440.419617,1
48757.76505,1833.581051,0
34601.68266,2430.101618,0
52986.00455,4928.607034,0
50740.95102,784.5773121,0
53096.9914,2663.052609,0
38500.00065,7571.682318,0
41004.26236,1016.141008,0
63585.36459,1594.972682,0
31823.68106,2290.430342,0
26242.63362,1801.228195,0
63531.24599,6917.508435,0
64751.14654,2289.851251,0
31091.2763,4071.083034,0
66871.26736,3614.268185,0
25098.65283,2611.848092,0
33720.58922,1365.952209,0
28182.52329,2285.956538,0
27334.56971,2963.794432,0
68694.84318,12731.89464,1
46195.62167,2888.633728,0
34488.20985,2156.314406,0
57827.6631,10816.75901,1
20346.46905,656.0331879,0
60480.9758,3216.094541,0
51915.67978,2282.911022,0
54625.50698,8619.745177,1
48305.42709,4833.47747,0
28577.96451,1639.225639,0
53400.82701,10418.19298,0
43414.48789,7170.946724,0
47526.23413,8957.330544,0
46082.07216,2921.235379,0
32195.59252,4980.013585,0
49067.09129,7258.968492,0
21293.47713,1368.691922,0
52100.91739,4767.277192,0
48334.38778,2234.443137,0
58507.62355,694.1351678,0
27521.04034,2699.851346,0
63914.22537,139.3145719,0
28598.83265,524.2010921,0
23298.46675,1741.183919,0
35697.55414,2907.958272,0
40376.16358,3901.937984,0
56534.96684,2161.083752,0
36088.93861,6222.415273,0
34158.63397,2911.408067,0
29732.05762,3485.018026,0
41736.20154,7602.613055,1
42236.45609,4749.068675,0
28796.85084,706.2289942,0
55097.38848,9342.479427,1
40916.56415,5219.804028,0
20908.3351,3133.624447,1
57999.77239,859.5892942,0
57746.58159,727.194665,0
55116.23451,10284.60679,0
57765.52116,5445.22266,0
45200.9928,7335.962568,0
42435.18949,2766.280914,0
46365.57352,5443.276307,0
57187.70089,9390.672261,0
66539.9276,12129.08223,0
25244.7267,1278.999504,0
54780.34561,8134.220408,0
59253.12146,7327.283577,0
48540.34154,1012.934993,0
30415.10508,4362.083152,1
48768.69924,500.5991056,0
52299.21808,7880.685807,1
42242.48912,2070.379381,0
28218.96527,1305.082433,0
40208.13186,459.0346888,0
61419.67284,9921.672387,1
51282.50524,8445.385343,1
36017.90275,1526.392476,0
57575.00979,9857.22995,1
53330.76714,2343.497556,0
39834.51984,699.9557764,0
62469.42837,7286.550391,0
40334.61673,6808.869955,0
47542.8027,9448.209721,0
55883.62286,974.5630674,0
29163.01588,1469.129704,0
47786.14106,7181.478553,1
29736.3105,657.0484089,0
50831.42753,9572.586884,1
62030.046,7572.567589,0
54049.01274,4569.647911,0
34336.01759,3441.644524,0
31895.71531,3423.346172,0
51894.5401,6579.534007,0
37616.71086,5732.240108,0
22076.948,3948.143344,0
56252.95371,7327.070282,0
26316.75849,923.0284413,0
23120.87961,1417.846522,0
39033.03271,5757.890479,0
32420.81815,1494.212974,0
68827.24433,1049.175477,0
58092.20489,5277.74042,0
43538.85612,8523.901116,0
64040.48418,5408.727767,0
34395.22922,2089.7325,0
57405.51493,6914.75154,0
22581.13397,34.28510582,0
27952.94598,3965.251974,0
54022.91284,10641.45144,1
63546.16476,6170.239116,0
60713.4303,396.2336776,0
44519.32947,1446.468103,0
40997.79899,7908.331843,0
63661.38333,6095.308749,0
34429.14674,2240.277404,0
29181.86143,2529.612969,0
52510.43824,1858.30824,0
37536.34724,2634.358585,0
35683.74495,4337.825559,0
45622.29071,528.1812501,0
67385.40318,6747.232379,0
69411.79253,12176.78244,0
48322.51407,7732.696396,1
40836.58881,6994.487801,1
38035.95133,4298.705028,0
42696.97137,222.1964386,0
24181.69479,1529.018868,0
33194.40264,6615.387858,0
32541.46153,780.8328568,0
38381.41306,322.7241556,0
25921.91253,5104.746789,0
58810.97173,9099.724338,1
63025.74408,2956.977746,0
29954.00451,5774.07427,0
40641.52302,5042.326368,0
43940.9107,2855.379187,0
65166.97287,8859.087469,1
58820.38206,530.6578241,0
50719.76308,4770.937668,0
46766.59592,2383.407757,0
67520.7596,13041.77945,0
28386.25355,1718.943782,0
68276.03076,4842.07796,0
30731.72628,1129.562412,0
30012.25109,3972.151405,0
38075.31877,6928.943621,0
55932.39657,4876.366909,0
27966.24445,4445.203178,0
53825.53674,5272.804792,0
65451.49652,8129.048931,0
39473.99586,6034.153228,0
42344.80871,6800.246806,0
36112.87441,3737.212187,0
32720.5048,4367.26495,1
27973.82656,403.4021354,0
21306.03312,3791.023528,0
36029.30158,2928.100439,0
48457.96355,8108.172683,1
46038.51066,6868.987805,0
34247.15902,6458.790585,1
64247.615,4513.203694,0
62109.76709,2816.430158,0
21481.80379,1137.657891,0
20762.47447,2385.224837,0
33756.52723,1169.835925,0
54325.80727,6978.525057,1
33197.8078,3993.146866,0
56846.47423,5268.227475,0
26542.93109,4233.089586,0
53200.54815,3090.473119,0
38073.4069,2284.005677,0
43937.21904,3213.541963,0
49284.81941,493.589997,0
22869.32345,527.5515684,0
60113.34254,8253.384569,0
23613.25569,2469.234585,0
68755.09442,10990.53375,0
26449.32829,2952.123152,0
42855.41611,4923.814846,0
25686.77894,3728.397031,0
67125.64924,7482.067369,0
27427.78945,719.9466646,0
37145.57306,1510.735507,0
41702.60077,6105.727929,0
20710.77596,3960.710873,0
39124.16436,401.3267334,0
32834.64674,4184.578203,0
26267.2214,1136.117271,0
41254.2282,6993.049441,1
38268.6966,2522.057185,0
37087.26876,6391.153194,0
38458.13304,3644.30607,0
40185.77567,1002.340574,0
65481.94555,10614.24849,0
57426.68048,2461.974406,0
47903.31425,4283.226974,0
34222.18775,3582.151364,0
28481.2656,5302.179943,0
43069.65215,4091.561292,0
33093.96186,3852.992444,0
61363.85606,9636.804731,0
68100.73562,8124.59898,0
50551.48034,5262.616088,0
54421.05401,6229.836019,0
32152.45974,3550.584889,0
40230.97571,745.1947491,0
53483.374,1459.668599,0
65137.93776,10352.18177,0
29496.59413,2216.975334,0
45181.93371,2243.153992,0
24994.7782,51.64026024,0
54820.97401,10070.94905,1
62955.60829,207.5438178,0
52956.24608,959.0972148,0
40366.20324,7410.792024,1
60005.01013,10677.66802,0
37598.38508,3641.808411,0
61323.0009,8699.946682,0
21243.9323,3438.979277,0
62111.43441,499.2085782,0
56524.87881,5296.940273,0
51718.13696,1036.616804,0
43205.63175,4835.274657,0
26934.19744,4113.299167,0
68966.82256,6690.635338,0
31527.3472,2062.719158,0
46839.06109,1498.200316,0
32151.29686,4601.940086,0
40831.80192,6429.593688,0
30868.80482,4618.392184,0
62988.82643,6924.901569,0
65496.76748,11805.55577,0
63032.62627,390.3358609,0
27287.07454,4509.881422,1
44299.37174,5154.909843,0
44091.34923,1664.104927,0
26617.03032,2727.241681,0
21856.23353,1500.653745,0
28072.60436,1.377629593,0
35950.48845,2664.925675,0
28982.11236,1440.499168,0
51790.72645,1281.035729,0
65000.81962,1114.914824,0
29761.04601,3748.258124,1
23081.45074,257.6612015,0
60016.74099,1522.646768,0
54619.15536,901.2777768,0
66274.2081,10257.91839,0
49380.65863,5425.280945,0
46283.06746,2166.1231,0
25554.69852,4229.914353,0
36680.18192,4849.333785,1
30383.67633,2153.607725,0
67730.4437,8881.583636,1
36446.72414,2927.675444,0
33648.73899,1498.161255,0
53852.79954,2089.909464,0
61298.21867,9399.504602,0
69465.74696,7983.705373,0
39102.04171,4200.697505,0
29366.58233,4049.253865,1
67949.73807,1790.348617,0
29468.85918,3703.953047,1
56839.4019,9004.801714,0
38277.93687,7405.80321,0
49664.27072,5571.456364,0
49972.01083,763.9541159,0
27356.80095,2983.583322,0
36840.60366,6557.940331,0
51438.81407,6898.783719,0
40614.72205,2649.695356,0
56738.63732,3210.807048,0
68004.68622,2698.047781,0
44458.63729,1456.234944,0
66801.19751,288.6467693,0
48991.85368,7453.264268,1
69430.93662,2648.220452,0
27989.1111,1770.818279,0
67675.80477,4396.076877,0
47985.72247,8801.610127,1
43388.20947,7007.154253,0
63182.45567,3493.224567,0
20568.89131,2257.064782,0
25833.71723,3716.254685,1
23087.3014,423.4183995,0
36124.71783,6485.05748,1
57330.61941,1058.039202,0
47240.25312,4286.345614,0
55730.62923,9286.357545,0
61660.40132,1684.526564,0
49746.88744,7354.129523,1
23973.68759,95.46072238,0
28085.4796,4431.280471,0
33585.47474,3933.883012,0
44179.3851,5888.375781,0
56025.41973,4341.626699,0
49369.70415,109.3796228,0
26889.36474,675.7120311,0
30873.21764,4076.87675,0
30608.94324,2632.551811,0
54878.08965,1504.473462,0
32423.80685,2961.952368,0
46608.36902,1521.868405,0
65689.1897,255.072656,0
49054.86027,1102.240361,0
20310.57756,1279.113098,0
66423.39933,1066.214601,0
45783.15475,7492.90982,0
62887.76267,6849.484223,0
51088.21078,9097.112036,0
66217.94485,745.0760945,0
62799.75061,6752.586071,0
45789.48752,4545.157459,0
59727.40599,5203.325181,0
35513.58955,6983.360741,0
29178.97759,1664.386062,0
67501.69225,7589.75999,0
66255.02953,7475.212282,0
63558.86409,9282.927735,0
63441.71236,3119.412678,0
64983.15424,9109.774342,1
56946.64594,11175.84107,0
52349.87246,5181.848501,0
31473.45878,797.3459721,0
59267.3392,5085.311919,0
66809.17325,1316.187128,0
48083.31155,9193.095264,0
20629.3473,3310.410118,1
25363.33106,3946.001447,1
28873.67417,2224.469765,0
41430.85526,5719.278116,1
53612.13123,5976.896568,0
51555.74026,9217.688669,0
46564.3789,599.830324,0
61200.42748,406.8518612,0
29307.32077,481.8426971,0
67687.18308,10506.32803,1
52565.06574,372.9742533,0
52920.14801,9521.769942,1
34981.36783,5502.736031,1
65210.8371,12607.95166,1
60016.07961,2857.007414,0
23066.96468,1933.353568,0
52603.87864,2043.089553,0
20111.36326,1745.371922,0
32759.70028,5211.32563,0
30578.02016,3010.35024,0
21211.58939,931.7810522,0
53746.32658,9534.660206,1
45214.10922,1779.727735,0
58465.0497,11417.06009,1
54422.97349,444.6137769,0
62842.06439,107.5972315,0
53005.13229,2539.336749,0
40749.02818,6207.186165,1
49804.41083,7235.194717,1
37277.24612,6289.256076,1
46883.20654,6342.567909,1
31763.3692,3489.404122,0
61013.18158,1791.542962,0
41285.3589,532.1002558,0
39133.89186,433.4584179,0
62171.80256,1035.462496,0
53638.64595,109.4788536,0
49264.58489,3051.574267,0
63114.49699,11890.75719,0
58165.50622,4155.723767,0
43029.80326,6894.165381,1
21593.62266,458.0937244,0
49104.76824,9452.217947,0
65776.23241,2805.863745,0
36192.14945,7236.17393,1
62165.86119,4739.948954,0
50793.35572,421.6403796,0
62422.20379,2841.633423,0
63166.99496,4058.789534,0
23717.56785,1530.090242,0
66797.66467,11921.19954,1
30272.20362,1440.072549,0
55741.19569,3181.780519,0
30742.57971,5685.653641,1
20491.56433,1579.168249,0
35620.41863,3611.295903,0
50206.13372,5826.462898,0
67935.45387,8267.326053,0
59223.3966,3901.402085,0
32657.26868,1796.270503,0
55931.65458,4053.519938,0
23694.77887,764.29719,0
44324.28637,2672.692026,0
34735.49175,1402.217854,0
67064.34474,1091.624816,0
42761.49268,610.6578471,0
49517.72233,7337.950431,1
54372.18266,839.1250812,0
29941.96837,3170.045654,0
68414.12078,6154.052457,0
23891.24457,3475.905423,0
47187.57155,7933.469449,1
39819.92094,3577.44769,0
50632.27924,1262.356066,0
39970.21125,7867.616836,0
55176.1396,7822.936091,0
50533.57195,117.7125869,0
52983.87446,5567.941087,0
31187.66993,593.1247798,0
34909.98223,2852.371795,0
53810.84766,9154.477015,0
55478.96737,6227.541774,0
60394.09487,8293.576747,0
36845.73868,1790.013566,0
60264.94065,2241.388144,0
52981.5086,3759.937234,0
50222.76242,8734.740617,1
59256.55596,9812.978717,0
43203.41422,7730.727575,0
46288.75641,6053.791581,1
58176.15493,9852.14111,0
25631.43473,4778.700543,0
58977.99765,9442.01161,1
25048.01599,2341.367858,0
33436.48901,5473.985551,1
23787.36705,3041.552908,0
69456.56777,13190.36589,0
65447.61161,3269.534327,0
68743.35318,2290.204289,0
36052.5776,2830.179862,0
24820.79247,51.94924278,0
26046.38417,4669.457353,0
60850.80244,7206.852593,0
69929.011,12427.8357,0
53298.49615,2106.709791,0
48818.38232,2312.421777,0
38042.08416,3495.856306,0
42119.82271,1930.566532,0
62247.87974,1870.715089,0
62252.08816,1699.680972,0
36973.08569,4144.448144,0
54217.23678,8836.775689,1
44218.76632,1693.920179,0
33274.05027,2244.883109,0
54656.54904,9911.134963,1
67593.51708,9864.078027,1
39472.70725,596.4811795,0
30572.44686,1847.09425,0
50447.69963,2443.768915,0
49198.65266,483.6201677,0
53768.22821,3696.953244,0
52809.54629,6276.830737,0
38011.72665,4625.193378,1
58910.29177,3671.923094,0
57914.73107,6715.857908,0
39494.76692,3544.156039,0
45918.87525,1910.329531,0
55649.05588,7660.346171,1
27136.6288,2253.190253,0
62724.63612,9255.137755,0
32921.84858,2553.212778,0
28482.64955,329.4500422,0
44170.22174,2168.751735,0
60664.3716,5873.410979,0
64501.93043,12147.31422,1
28237.51739,2728.189944,0
67420.59545,3668.994784,0
55642.99339,2841.697982,0
56086.05809,3990.85076,0
57676.73918,10504.66817,1
62535.63285,9490.26419,0
60686.76857,10614.13095,0
25032.30094,680.9047822,0
22228.34529,2187.213337,0
41435.15375,3702.171428,0
43955.4094,7833.477761,0
60063.69309,6766.294181,0
34635.74475,4859.235287,1
63944.32373,12213.94934,1
35403.42733,2929.359704,0
53654.07937,6587.775556,0
23508.23073,4622.841065,0
61869.46603,1040.493673,0
20674.89708,299.8251378,0
22127.92411,1777.828551,0
27408.72961,2591.028947,0
60720.7961,3278.179727,0
34760.01932,28.88253444,0
23057.36392,2487.165182,0
42380.99506,6832.684817,0
37887.54939,5061.777831,1
39988.74074,357.0881242,0
25026.50564,3845.741849,0
43588.08143,6453.057979,0
20897.42669,2940.42397,1
24904.62467,3376.907465,0
66068.63504,5626.86934,0
36126.23109,3805.802721,0
23626.72679,2173.76769,0
30200.24326,4871.677576,0
65569.78524,12494.26726,0
20617.26101,2224.068134,0
25817.45462,3682.861931,1
21448.82799,1989.182976,0
69370.17764,4605.918773,0
34145.79955,4074.952591,0
52651.25686,6529.019522,0
40069.33838,3646.051618,0
39246.54489,919.11464,0
56233.78954,9642.092538,0
49264.26833,801.779606,0
30451.63616,475.4205917,0
28726.9963,3675.833415,1
20113.25349,2507.64971,1
43434.77543,3672.109828,0
59208.71608,11479.43781,1
69310.95727,1590.325804,0
60567.42444,571.9329349,0
22048.89504,4199.024356,0
66733.71025,5366.640793,0
22209.00951,4096.783714,1
49032.66241,1777.953131,0
26558.36106,22.32793318,0
49255.45797,4951.915771,0
30218.15123,5914.516662,0
56317.08282,8045.440953,1
53825.43058,431.4501612,0
34927.99361,1957.057929,0
53287.38502,4432.665444,0
32032.55674,4582.938274,0
48405.72681,3766.614435,0
46132.91405,3216.491255,0
29049.07149,2562.695554,0
68550.68786,3879.672652,0
47474.8196,5083.728272,0
50021.65541,1054.268085,0
64089.13191,6272.78845,0
28451.70557,1042.850376,0
58132.47127,5491.035602,0
30961.16614,162.7955961,0
64162.64961,6938.01252,0
67470.11702,12715.29472,0
68263.76624,4124.330404,0
42889.33416,6340.708855,0
20155.79236,3489.957148,0
58178.61457,10948.49949,0
45735.45569,2944.537354,0
30037.20313,1247.012791,0
64392.51221,4513.243712,0
26291.3758,1094.177529,0
36008.381,3709.304431,0
54953.97966,365.6461852,0
28753.32549,4990.369091,0
41993.98432,6644.344214,0
56696.4586,9686.630307,0
51906.04616,10235.27261,0
30939.39338,6115.822333,0
38520.72397,4176.949955,0
33489.03986,3581.655047,0
52836.00643,5671.644328,0
51733.28751,7906.141179,1
41273.7715,3299.885072,0
68223.68431,7364.001945,0
28222.87891,613.2406201,0
21921.36108,1901.143922,0
38852.93302,7513.182864,1
59621.36764,7014.622708,0
41377.7456,5324.048185,0
54405.62497,6253.206677,0
60103.01157,2632.265613,0
67528.65421,7877.415131,0
61156.93738,3250.006084,0
42955.6946,2962.825186,0
46923.04677,3107.883782,0
24951.25749,2544.356003,0
26267.52942,59.46916335,0
64603.92088,11264.69116,1
34667.0204,2827.289402,0
66008.39707,9189.611514,1
45840.20762,5299.239719,0
32188.01624,4659.953325,0
50289.66475,6127.381688,1
36837.53085,1598.183569,0
28852.03381,5705.986163,0
68127.16681,12099.9703,0
41349.12251,8083.232201,0
69132.46258,7621.410219,0
38477.3256,289.576582,0
68291.15365,9577.955143,0
58074.60654,8551.259893,0
26867.10826,1730.151907,0
32348.45015,3229.820063,0
31044.39176,4465.872769,0
29279.74979,2291.988119,0
35145.10019,510.7399689,0
44405.28066,3917.876098,0
42059.6369,5310.271529,0
28612.20306,4948.48807,0
46546.70455,254.8435786,0
22832.32393,3318.407787,1
21565.92154,4136.761126,0
26078.21358,3665.880899,1
60503.54785,6766.53302,0
31233.30776,1662.453616,0
34505.80093,2151.696592,0
35485.11827,2482.04225,0
45986.3534,7112.926157,1
43308.17898,6777.198246,1
53284.11968,849.5451843,0
68398.28748,8106.859293,0
64743.70707,4304.929109,0
68412.60985,551.8430811,0
59695.10715,8889.928408,1
32406.57073,3394.65824,0
33184.19598,4580.097831,0
47688.25057,1377.018407,0
42591.59524,4602.245841,0
34051.52804,6224.152886,0
61800.03438,9143.611709,1
45360.71627,4569.994987,0
20252.12346,3360.059414,1
30134.7096,958.9980819,0
56217.3265,2866.5859,0
31722.73095,2877.756104,0
60178.44619,3203.615438,0
51144.24305,3411.656424,0
22449.07739,1187.42695,0
44932.87511,622.9128105,0
40929.48394,2352.287116,0
31092.26772,5617.993126,0
44743.55163,2574.707756,0
60770.22902,2242.82576,0
43528.48431,2264.725152,0
25008.94953,2941.028155,0
47433.41542,9139.14371,0
50064.34637,417.6331058,0
60348.41356,3037.968147,0
67471.1271,4448.412323,0
30492.87567,4834.738644,0
25640.07888,3105.443021,1
55040.75817,8352.061533,0
34476.70638,898.1339068,0
23345.86645,4548.110289,0
24426.02987,823.835162,0
65849.88967,5051.302388,0
60454.52565,7875.070926,0
22680.31843,1743.774685,0
44471.87373,5883.660558,1
46572.32,721.3416051,0
24369.84125,1366.536025,0
56830.27286,10462.74045,0
46942.99652,2187.065484,0
42521.79071,6745.817708,0
63188.32853,3960.855647,0
29410.17752,812.3235343,0
46668.62847,1833.48585,0
62693.26958,5321.712558,0
65307.12748,1906.79553,0
59589.06429,4191.715856,0
41019.54879,3005.826864,0
48058.87138,6527.990222,0
50208.53002,729.6044303,0
62526.88793,5835.542391,0
48192.18561,5026.474557,0
30884.05673,4099.902045,1
36965.74248,6333.391588,0
43536.03891,6427.726093,1
69181.66406,1173.740942,0
64233.0407,12104.53421,1
52593.51506,811.9078625,0
32282.25175,3345.941958,0
54077.84328,7149.066896,0
51595.35748,385.4033625,0
23097.37648,4517.579801,0
27407.0562,2949.931674,0
64395.29807,10054.63464,0
60432.21666,6300.868939,0
42990.98283,4665.581021,0
41581.88992,7895.112865,1
53289.06529,8047.140754,0
22372.50524,1118.926064,0
57119.73969,10211.72193,1
31112.05942,424.3521316,0
68936.32135,11073.1585,0
20436.33129,2356.18197,0
20583.61217,53.18620734,0
58988.3058,4728.259542,0
45311.83184,3103.812228,0
60856.83099,10238.4963,0
45818.28325,8137.164403,0
20904.55548,2606.023776,0
49908.29187,2903.036128,0
55988.29528,7745.754809,1
62125.25811,5700.457195,0
48822.72096,599.347887,0
29976.8291,3796.03274,0
41944.26819,1203.700529,0
36970.36044,1268.506383,0
39992.71911,4999.202015,1
42450.54304,6210.280587,0
42146.93762,7367.258247,1
52841.51644,5957.386324,0
66418.95631,9340.544462,0
44047.66656,2096.917501,0
24821.21413,874.3242555,0
35583.61854,27.25248225,0
25289.60724,2130.793535,0
39770.12866,280.8785474,0
59511.1387,2520.514452,0
51211.65404,4093.360006,0
56530.49727,5957.993317,0
42604.46298,7942.168145,0
66642.00775,4958.067776,0
35527.83449,325.1195915,0
66896.76531,387.3944203,0
51980.35954,6243.04503,0
40081.42056,770.7775496,0
50167.67175,5592.651807,0
39545.95959,5787.658045,0
43372.39761,474.5253267,0
33084.16985,5762.469958,0
53187.97965,4879.846139,0
48290.88046,4902.975221,0
66078.76935,3664.621452,0
51547.16666,6563.41158,0
39393.14058,5415.054667,0
69592.01083,13025.05657,0
54588.50119,2847.819173,0
44964.0106,693.2147138,0
46081.64555,1487.786041,0
45564.01535,715.8366044,0
62657.60254,5771.088254,0
67921.63211,1399.875472,0
59514.01238,2504.722649,0
48422.53611,3520.565901,0
22001.31745,2155.812173,0
52529.69877,9808.19094,1
24061.46316,3980.578783,1
23450.87213,1419.805523,0
32866.57824,6037.007733,0
30958.90796,1558.930765,0
27550.89527,3944.219318,1
36024.93789,4155.44929,0
46801.27429,5315.97382,0
27082.71898,4990.557123,0
65435.03538,12727.99755,1
59295.74108,493.7144299,0
45435.26724,2143.386972,0
61742.60958,326.9895676,0
31396.86601,3719.230135,0
35916.70415,6401.189486,0
43969.60416,7455.920157,1
60624.81537,6740.716136,0
69939.32968,2225.224533,0
69755.32016,13766.05124,0
69478.39876,10229.40788,1
34192.16052,5233.663228,1
57457.85794,3608.805202,0
63910.33466,8986.718948,0
26643.80899,1413.783224,0
23985.07542,2284.209129,0
63660.64881,7832.572411,0
44102.33009,842.5690773,0
29409.8059,3388.560923,0
49294.65931,4574.85478,0
39553.64738,7063.898036,0
68583.04105,2922.288685,0
31060.60626,3729.97465,0
29190.32462,5239.594773,0
63437.70015,11963.36422,0
35243.06323,748.9407179,0
36475.35353,413.3111631,0
63271.60883,11298.17219,1
45540.32552,1490.470251,0
68565.3855,1231.537368,0
20063.09958,2495.132991,1
44222.2622,7443.486707,0
67839.24446,5609.326602,0
54009.69228,884.7355047,0
52234.07535,9255.842934,0
28423.13147,5282.849182,0
52623.43759,1156.319703,0
25636.33357,1239.688258,0
60842.94116,6608.968795,0
36727.746,7287.540764,0
63830.74744,5271.626982,0
43108.41456,647.8793786,0
25285.26113,1027.577792,0
57646.24291,1452.493378,0
51027.56761,3313.30041,0
37389.77238,7365.938916,1
65017.59349,1017.166545,0
20595.93458,1330.067638,0
56445.47391,6875.579683,0
60864.32175,3704.032126,0
51231.01043,813.0279887,0
41103.13692,3644.301903,0
56267.05082,8238.115021,0
20774.84582,1347.331612,0
46424.22123,4087.180707,0
29909.554,4495.278753,0
62808.50507,6465.75059,0
41243.80514,4161.573148,0
46089.14789,1618.218357,0
69191.23338,6270.574035,0
60846.66501,8974.492021,1
66558.93437,3090.992455,0
27428.28187,1287.632081,0
60912.79896,3870.333893,0
28127.50945,3279.557824,0
64029.54348,1644.339177,0
61836.73562,10971.97464,1
37005.07185,1068.887398,0
56003.5734,3639.900038,0
58038.92625,538.2305227,0
29237.2562,23.91642787,0
33265.79055,5968.442038,1
66236.92716,2756.9723,0
41978.7125,1603.924862,0
63453.22313,10668.36351,1
24985.59066,2017.139948,0
53593.1132,1428.189214,0
54179.72187,10028.01586,0
20126.41377,1432.355862,0
51180.83971,2875.44523,0
36455.70151,3437.076895,0
39188.94529,3545.162249,0
47852.9269,3295.320061,0
20014.48947,2426.306223,0
28630.00951,4406.995056,1
66688.91312,9690.308798,0
53226.19441,5686.643116,0
35609.47835,2574.093432,0
64065.68286,771.7174942,0
54935.65838,7921.83051,0
67800.58133,5035.139378,0
46893.33671,9131.864419,0
54648.96698,10674.77021,0
31410.50729,5797.292398,0
36989.58954,556.5559407,0
33198.12828,4285.386912,1
47704.38083,2717.079485,0
30569.5727,4752.557572,0
61398.68707,9008.154521,0
67750.82599,6855.986311,0
47637.86203,6708.673591,0
38357.51752,2548.413916,0
43156.30527,2413.011907,0
41101.54295,5240.114373,0
59475.49718,2628.262124,0
40708.91941,5532.343843,1
30391.4733,2072.634066,0
46024.14456,4318.377722,0
66529.48522,6337.674939,0
68115.98033,7458.559482,0
38423.08429,3676.568354,0
33227.28018,6470.410381,1
61674.45723,4054.551771,0
26931.06825,3668.646773,0
60040.99384,2659.694541,0
26181.24241,2618.973497,0
61552.21751,4042.539734,0
29705.07473,1912.205091,0
53934.81227,2085.817639,0
23007.38788,2296.795327,0
48552.84341,5650.889688,0
66370.88876,5176.361161,0
49140.26986,8832.651707,0
39684.9818,2590.928175,0
32025.40445,217.488528,0
55568.17946,6114.867546,0
45898.51352,5617.178645,1
39217.90992,864.6240529,0
34070.604,1401.685061,0
66768.36121,4255.367636,0
31400.85843,4464.404268,0
49335.75726,2549.620474,0
51774.05251,1508.761776,0
43064.64735,787.0471897,0
41226.13468,2155.660059,0
43044.51778,1661.71346,0
33546.29204,5347.295507,0
69209.33087,6284.833573,0
32291.54455,277.3875685,0
66274.0729,11576.54224,1
34102.7912,1269.254575,0
21144.56287,703.363923,0
41049.97459,5890.113644,0
36351.27773,6619.832683,1
63144.45921,812.5725496,0
32086.91354,6362.390354,1
28873.16732,992.5777177,0
65359.29615,7707.240563,0
49064.28847,5636.35344,0
23763.06056,2950.314863,0
51845.94256,8750.832088,0
67035.32642,11276.62254,0
49240.7625,8004.35984,0
36132.32759,3009.39734,0
67006.80649,3692.169172,0
39453.64561,436.9352469,0
52205.60706,1135.152226,0
46319.4168,1523.072058,0
29398.72742,4673.766198,0
31135.60771,2457.91369,0
65603.81676,11775.35458,1
41362.50837,607.965612,0
60302.559,6509.698608,0
54468.27921,68.62545627,0
47683.71578,4752.287877,0
38160.1165,3429.901579,0
22925.81208,2547.279742,0
64087.85881,722.5195892,0
65824.51566,2643.106432,0
53451.93154,10529.72349,0
36455.48471,2464.162321,0
39573.34144,5785.884275,1
41052.36578,4652.951748,0
37895.18173,6071.340205,0
44827.23377,2639.916846,0
28341.08677,2248.242914,0
56887.2028,10969.59669,0
25146.59568,2890.652793,0
54739.16452,7218.968224,1
30497.20451,4573.59409,1
25358.89794,2220.2256,0
29993.5633,2749.585697,0
64675.77948,4628.603003,0
56256.03887,5452.244532,0
31702.3343,3587.722389,0
34113.11328,6360.154897,1
44666.01285,7548.444373,0
39421.36684,6111.961017,1
21683.19372,339.5922689,0
65697.59284,5644.653159,0
68657.7893,2427.949887,0
66981.413,6678.5628,0
45971.13349,4776.490486,0
42965.99275,8109.051409,0
50895.81034,5556.83987,0
46175.03194,1064.081875,0
44984.89912,4584.611816,0
66941.86486,12380.62471,1
31022.14485,6144.939436,0
46583.1996,6241.270508,1
56201.84143,8346.320922,0
31587.06486,2677.825713,0
40716.19089,2389.700759,0
64966.06564,11495.7311,1
68503.20589,3580.463677,0
33867.50226,5714.026374,1
54195.01517,6649.801459,0
50565.33709,693.1964169,0
57216.10102,3554.389365,0
29849.96714,3678.899676,0
29072.15179,1589.438432,0
29775.14222,3327.236235,0
46672.71314,1408.497717,0
66393.71115,9540.416626,0
29338.25645,5120.406797,1
67289.58568,13376.79771,1
45980.33434,5929.09803,1
34163.62565,6617.400172,0
52216.8158,6803.333393,1
62313.27763,925.7955921,0
49205.6371,3393.856589,0
65688.7315,3673.870415,0
43489.82845,6501.041226,0
40966.67453,2393.524149,0
37261.44712,2075.519822,0
58775.40389,5673.599822,0
39395.83041,7557.873338,0
21144.16215,987.7941458,0
33126.13272,4169.992872,0
30931.50602,1074.787904,0
31936.94201,4087.995048,0
38157.02968,5628.012004,0
21032.81869,4024.089367,1
50238.53247,2567.615154,0
67346.66246,6752.122458,0
33261.64602,586.6510962,0
53113.0361,10080.52438,0
42749.99032,4626.538637,0
42108.19992,1020.978164,0
61344.53221,7172.654332,0
54738.68229,6210.728279,0
69695.15045,8418.25316,1
62507.35478,6590.77723,0
61922.77464,1933.08292,0
58023.72377,2785.779563,0
27010.88377,2373.175255,0
21194.61617,1102.848094,0
68338.0974,12840.69671,1
67772.79368,5037.933861,0
67131.80269,2271.404537,0
33159.21728,2135.532137,0
66087.08847,11039.28872,0
60362.34427,10306.70536,1
54609.46518,5618.20457,0
63637.28183,9955.225362,1
40918.5703,3813.699268,0
51486.13032,3955.113351,0
44896.25649,3787.639141,0
24877.68441,1546.422886,0
52263.3555,10161.94667,1
42775.52551,6145.987757,0
67064.01367,8945.289469,1
50307.94468,7207.941173,0
37432.68096,4445.502385,0
30084.15883,737.2537244,0
61427.41464,2163.312487,0
54718.85279,2883.284107,0
47923.57551,6931.716435,0
22880.7276,1909.215139,0
46118.5501,2728.311486,0
35082.38569,2918.477721,0
38387.32228,6453.507839,1
57413.57224,9421.298413,0
28198.09734,4370.793619,0
50117.85704,3599.068821,0
34876.33293,3102.347059,0
64126.49168,4956.941565,0
41916.69268,6106.109586,0
50052.29293,5589.328271,0
39158.91751,6887.738421,0
62219.03754,5831.521429,0
67151.31861,3941.698673,0
46166.16313,901.7531177,0
23881.78651,1190.630105,0
48445.11312,8733.442215,0
32441.65201,840.7142066,0
33820.18651,4342.178111,0
61812.90135,3124.312409,0
25347.57266,2188.503086,0
33965.52371,3123.898738,0
23641.70268,4203.50356,0
50660.90425,7511.003494,0
44037.24398,5269.518403,0
51657.12396,609.3508858,0
46573.24438,5533.292189,0
26922.46222,3950.00079,0
48414.25154,2105.709505,0
43974.84053,8371.493105,0
65913.83201,12972.41836,1
64715.99897,11173.80845,0
25481.98791,4005.816148,0
54170.53261,1048.932372,0
51653.70474,1853.419156,0
66054.50623,10321.0987,0
60019.44714,6978.347128,0
31523.95286,5697.021469,0
65660.94854,93.15264188,0
61893.48364,6038.162662,0
49230.09821,8375.729867,0
38337.82947,5691.09349,0
64016.43339,10048.39421,0
46308.64516,6815.485141,0
66209.14427,7134.656119,0
47770.71142,5366.868793,0
29856.48632,4731.816864,1
21451.49729,1719.038044,0
59673.17045,7533.679839,0
47481.42964,9402.876118,1
36219.77291,4280.794199,0
59458.70434,1513.327637,0
67010.84098,11646.91061,0
58693.41942,4033.153519,0
43041.04139,2245.505278,0
31920.41272,217.1879621,0
32771.12541,1853.68197,0
55487.14713,178.6924716,0
68406.80717,2491.460861,0
37277.12306,4242.640648,0
39762.52658,3809.347155,0
41674.24314,3203.204656,0
25789.74203,4442.33178,0
24575.05989,1667.748767,0
58082.3601,9175.667318,0
67881.8805,10503.57125,0
50115.0549,3447.002152,0
40443.20363,1857.252327,0
65824.83738,154.9456163,0
51199.86984,4064.818093,0
67032.28946,5487.820266,0
42205.6829,2444.737196,0
37730.36211,5273.559352,0
47398.31104,9041.878835,0
48933.20969,5071.371891,0
53078.85583,10566.35387,0
53236.993,703.6021978,0
58121.95469,5161.107409,0
57261.15139,2527.755923,0
52102.5909,8799.819842,1
45165.92595,5534.550798,0
58809.29247,5470.587846,0
36598.34047,6849.29481,0
62096.28261,8034.747774,1
68114.07098,4325.099268,0
67978.46685,7382.502551,0
26615.5243,3458.193614,0
51254.37001,8747.208629,0
34428.97264,6016.615091,1
60974.58714,6165.65882,0
63330.73455,5170.899852,0
58168.47407,2935.367657,0
59579.60921,2319.362857,0
52219.8955,6560.469542,0
28700.87259,5090.310491,1
27193.74305,4518.858351,1
67417.571,6478.402532,0
57341.43277,784.8948568,0
64056.53612,5982.805039,0
66370.69351,5906.034309,0
45045.43165,8489.405985,0
58609.13148,4270.532996,0
53289.06797,7395.513416,1
60309.32883,2343.073833,0
45139.48639,1743.691464,0
22815.64061,2749.079844,0
45215.01469,383.8501673,0
40568.07518,5990.318608,0
43721.25181,5923.392464,0
38129.75487,3964.729278,0
22547.96164,2957.295712,0
57468.05944,8452.955624,0
25534.67352,1084.966942,0
26325.50339,3336.131472,0
65913.83084,11738.91571,0
67119.13596,2725.240313,0
62020.46813,114.2098881,0
37965.84934,299.0547059,0
62114.85602,12115.89231,1
36871.06176,792.7110544,0
65030.90935,2231.976166,0
23193.6046,548.5961163,0
59568.62432,7685.326744,0
50527.58417,5639.245689,0
60776.11021,10382.43968,1
61632.28271,3028.591328,0
45930.45265,7765.252827,0
25857.76559,1810.232339,0
55093.92123,6485.30159,0
42301.33448,1480.61489,0
51903.53425,8807.867971,0
64398.14616,1674.905633,0
41089.51083,997.1841685,0
36727.5509,794.5568182,0
38163.39454,454.3076768,0
35949.89641,3680.177028,0
44979.80219,6045.089487,1
48211.58184,2606.124698,0
28267.08995,965.3732272,0
33816.22334,5265.743252,0
33078.99598,6278.316279,0
36019.8172,2987.962123,0
34238.53029,6002.93511,0
62064.52068,2972.381023,0
44867.61524,366.1011044,0
37162.88822,3110.531147,0
65680.94802,8838.231305,0
58772.85748,7048.005343,0
32435.24811,5685.405228,0
58028.2132,5753.895027,0
60595.27533,4534.490222,0
36565.80389,1888.334736,0
20742.69697,2295.818094,0
46666.63801,7677.823856,1
32203.56694,838.0214411,0
36535.31539,271.7251877,0
28163.29507,2121.151956,0
39019.35774,3196.559769,0
24709.08325,1915.385594,0
43052.96856,488.9372735,0
25003.91611,2183.713426,0
46696.89266,4732.498144,0
50112.4622,5067.032925,0
43265.90032,6194.07205,0
67802.69446,13443.47318,0
55408.70595,10300.28125,0
67048.893,10839.91376,0
40262.59764,6535.85195,0
46427.49918,5671.45056,0
46911.1971,4263.853588,0
57359.55243,10011.41068,1
34569.30464,6254.527617,0
52797.40104,1080.42349,0
56630.39526,8442.891373,0
45245.73975,1974.009904,0
20803.61454,758.4348491,0
57717.60679,3153.222829,0
20647.88765,725.4568686,0
59046.45715,8237.046829,0
62662.25883,1965.921357,0
33614.49461,4837.787511,0
48765.12887,5183.859126,0
57240.75694,313.6279418,0
49973.66646,363.899917,0
41255.93969,5296.907773,0
61129.72316,11302.76769,0
48938.58344,3028.834619,0
68648.2414,9425.707309,1
41250.82854,7651.577272,0
22415.65476,4371.715441,0
24112.49939,3285.499948,0
41692.60518,1708.712503,0
23516.7277,559.9053229,0
53812.22648,3245.041667,0
29750.2948,3627.987077,0
22633.67692,553.5208586,0
28713.83052,1936.813257,0
63321.90927,8092.98278,1
35276.58799,6820.315404,1
35914.60931,520.9960335,0
31568.14432,5067.410013,0
39934.06749,184.7443024,0
48614.84968,5984.950784,0
29838.12481,5913.649556,1
57745.35888,5540.464047,0
44447.5293,2714.403108,0
51768.00534,6632.036203,1
34891.14044,6152.314492,0
45382.8079,2742.454975,0
40719.49032,6415.086244,1
55145.78501,8968.678877,0
48752.42408,8934.785761,1
55763.42742,7913.837734,1
36431.16141,6783.361363,0
40522.82828,7720.780489,0
42465.66975,7314.976322,0
38561.94404,4831.111171,0
54957.44967,6976.463275,0
24822.06984,2361.166802,0
25252.48774,434.8674516,0
25671.74258,2272.14762,0
60672.14559,6279.687007,0
60729.94924,5006.850087,0
40240.72756,7498.630447,1
57513.81746,6921.491029,1
64287.39763,6301.594778,0
48428.03365,7718.479795,1
55313.83225,9733.113189,1
27045.39957,2503.7884,0
58216.07198,9581.833306,1
34722.96483,4073.411901,0
58503.77101,7050.432526,0
55299.78724,8052.381283,0
49501.90592,2226.81958,0
61765.70904,3649.643103,0
48430.99367,6069.649094,1
66366.95742,465.0115658,0
55320.78001,5990.716973,0
48774.28816,3728.483342,0
61679.95316,3060.030168,0
61485.1796,3211.670281,0
24402.44017,101.2185381,0
21258.90278,706.6197387,0
48763.68054,8172.052504,1
24406.89381,1733.403111,0
61693.58631,1568.863689,0
22748.03304,108.6299113,0
21479.94672,1098.073365,0
51286.6564,1134.234384,0
27153.66392,3177.517372,0
36370.49398,2855.2161,0
32400.54496,3591.797505,0
60434.16443,2474.248112,0
57303.47976,10491.63215,0
42994.68224,4453.824617,0
68339.80794,2505.868398,0
49292.30314,967.1345882,0
57802.4297,6796.590935,0
50779.38079,6859.836596,0
35993.98976,93.89580488,0
21771.12934,350.4455484,0
61414.80126,9743.609259,0
35784.66349,110.2028905,0
24791.1867,4844.680983,0
49048.75736,6363.113668,0
69852.05872,9246.265058,0
21217.74746,2690.768134,1
48031.06741,7826.325909,0
64072.31322,2426.008622,0
56689.4639,5740.591698,0
45769.25952,8236.476519,0
35020.48877,6832.803042,1
56751.92851,7877.330041,0
27363.6318,3215.263093,0
48455.71741,1780.507334,0
21424.09133,1795.223958,0
69992.33271,52.87219028,0
68110.23995,11029.66771,1
48015.55474,54.00824238,0
23102.21779,1779.574528,0
46134.85414,8716.611259,0
48547.96138,1940.870699,0
26095.02691,5143.490416,0
64057.84479,5774.281958,0
24454.19062,864.9687379,0
40506.94401,5961.531816,0
43421.04574,4705.757083,0
55881.5418,8383.074165,1
45917.60069,8253.273858,0
52901.90954,729.3773772,0
41183.82466,7606.993239,0
25379.91548,4693.111697,1
27514.08847,192.1446105,0
44241.283,8733.179295,1
29076.33771,286.2644342,0
60536.91287,3132.551831,0
47881.956,5575.635648,0
49144.37106,1633.03578,0
33707.80104,321.5789312,0
46442.28279,1484.561548,0
25602.95725,2214.922493,0
61236.39608,6562.903837,0
48187.34788,2003.41185,0
29933.20193,5953.521871,1
41027.90736,4369.218876,0
49990.66011,1896.754994,0
59792.50859,660.2414526,0
35879.51999,5335.403499,0
29102.22172,1890.447478,0
30047.81941,5768.742735,0
59299.16272,4944.056264,0
64484.0148,1391.601802,0
36352.42229,6239.247526,0
66034.7543,3913.782124,0
51650.27137,3743.003437,0
31898.15991,2015.182969,0
58780.2335,5029.707636,0
67754.10467,2989.950997,0
48500.26815,7054.606149,0
55704.79816,5594.332971,0
50458.9582,9852.889427,0
48263.00343,7798.793463,1
38755.16271,4244.498033,0
68131.6643,7813.23983,0
28991.42394,1249.347564,0
35108.55795,4002.991276,0
28858.59887,3764.815174,1
22800.79677,3740.900936,1
29572.9759,5006.253823,0
21982.01737,4265.173704,1
45576.83836,4952.653346,0
55068.66894,4852.766598,0
56441.01624,9043.756044,0
68047.92531,4023.064765,0
36275.73586,644.3841948,0
52389.36685,10398.82059,0
23678.37611,1779.814597,0
37707.64295,268.2909708,0
57753.56896,5067.449964,0
30529.96329,6046.840845,0
44022.26874,1707.67287,0
58533.88468,7832.443321,0
33702.53183,922.0365897,0
40236.87207,4354.314412,0
62619.15599,3959.611772,0
50738.36219,9719.562798,0
64466.76014,8537.369666,1
64636.40219,2583.106425,0
22371.52219,2291.856428,0
67994.98847,7289.014109,0
49640.0047,5760.858734,0
42067.24645,4601.606183,0
43662.09269,7269.596897,1
34237.57542,2658.090632,0
26300.44655,2317.393678,0
30803.80616,623.0241528,0
54421.41016,3273.631823,0
24254.70079,2225.284643,0
59221.04487,1926.729397,0
69516.12757,3503.176156,0
44311.44926,5522.786693,1
43756.0566,1622.722598,0
69436.57955,7378.833599,0
